system	mutation	ddG_foldx	BackHbond	SideHbond	Energy_VdW	Electro	Energy_SolvP	Energy_SolvH	Energy_vdwclash	energy_torsion	backbone_vdwclash	Entropy_sidec	Entropy_mainc	water bonds	helix dipole	cis_bond	kn electrostatic	Energy_Ionisation	exp_ddG	diff
1PPF_E_I	LI18M,GI32D	12.70656	-7.12	-1.54	-14.97	-0.77	18.63	-20.57	12.74	0.78	3.75	4.34	4.52	-1.2	-0.03	0.0	-0.04	0.06	3.93043	-8.77613
1JTG_A_B	EB73A,YB50A	4.6251	-3.31	-12.62	-20.33	-5.29	29.43	-24.81	1.82	0.26	2.08	9.72	3.21	-4.53	0.12	0.0	-1.02	0.08	-1.4956	-6.1207
1JTG_A_B	FB142A,YA105A	5.9279	-4.1	-13.31	-18.43	-4.1	27.57	-22.49	2.11	0.26	1.88	8.94	2.3	-4.18	-0.0	0.0	-0.6	0.07	0.694	-5.2339
2WPT_A_B	DA33A,FB86A	4.4608	-7.32	-12.08	-13.77	-3.24	22.95	-15.37	0.28	0.33	4.31	10.45	3.12	-3.65	-0.53	0.0	-0.79	0.0	-0.16461	-4.62541
2DVW_A_B	RA41A,KA116A	6.146	-1.74	-13.42	-19.04	-13.31	32.26	-21.61	0.98	0.26	3.83	9.91	1.21	-6.79	0.11	0.0	-2.68	0.0	2.36141	-3.78459
1JTG_A_B	YB143A,YA105A	4.7632	-4.19	-13.27	-19.59	-3.97	28.48	-24.1	2.22	0.26	1.9	9.61	2.27	-4.28	-0.0	0.0	-0.6	0.07	1.0749	-3.6883
1JTG_A_B	MA129A,YB50A	3.9911	-4.95	-14.17	-20.76	-4.61	31.36	-25.0	2.79	0.28	2.35	9.64	2.24	-4.07	-0.1	0.0	-0.62	0.07	0.3579	-3.6332
5M2O_A_B	NA75A,EA84A	4.64	-5.11	-8.77	-17.55	-1.51	22.55	-24.13	0.5	0.19	3.47	10.22	2.16	-2.16	0.2	0.0	0.19	0.44	1.0629	-3.5771
1VFB_AB_C	YA50A,DC119A	4.2982	-4.93	-9.09	-10.9	-0.49	17.57	-11.56	0.31	0.07	2.15	4.79	2.6	-1.98	-0.09	0.0	-0.09	0.02	1.23131	-3.06689
3SGB_E_I	LI18I,GI32D	8.5016	-8.07	-2.55	-13.33	-0.59	18.25	-17.45	10.22	1.66	3.18	2.47	5.85	-1.68	-0.07	0.0	0.1	0.34	5.76408	-2.73752
1JTG_A_B	SA235A,DB49A	4.2388	-4.88	-10.12	-21.23	-2.33	28.11	-26.92	2.17	0.26	2.14	9.06	3.07	-4.7	0.01	0.0	-0.22	0.07	1.64024	-2.59856
2G2U_A_B	WB112A,YB143A	1.7609	-4.57	-10.23	-17.78	-2.41	24.55	-22.69	0.75	0.56	4.58	6.55	2.02	-3.11	-0.07	0.24	-0.35	0.34	-0.4094	-2.1703
1BP3_A_B	RA64A,DA171A	2.4221	-1.96	-10.59	-18.7	-1.03	24.57	-24.15	2.04	0.73	2.99	10.23	4.55	-4.83	-0.03	0.0	-0.38	0.16	0.3784	-2.0437
1JTG_A_B	EB73M,FB142A	4.4078	-3.17	-12.56	-20.15	-5.04	28.81	-24.94	2.17	0.27	2.18	9.49	2.49	-3.98	0.1	0.0	-1.02	0.07	2.53994	-1.86786
1AO7_ABC_DE	SD31A,YC5A	3.3864	-4.5	-5.63	-13.85	-2.05	18.94	-17.78	0.54	0.05	3.58	8.05	2.72	-2.64	-0.15	0.0	-0.07	-0.0	1.70863	-1.67777
1JTG_A_B	SA235A,SA130A	2.7045	-4.89	-10.79	-22.12	-3.92	31.13	-27.68	2.32	0.28	2.3	9.57	2.7	-5.29	-0.01	0.0	-0.57	0.07	1.15211	-1.55239
1JTG_A_B	EA104K,FB142A	6.0504	-3.91	-12.72	-20.56	-2.45	29.93	-25.39	2.29	0.28	2.25	9.34	2.57	-4.84	0.0	0.0	-0.43	0.07	4.55242	-1.49798
2C5D_A_C	GC32S,VC92A	0.5652	-10.39	-14.16	-19.61	-3.9	27.58	-24.16	1.37	0.4	2.57	15.19	6.29	-3.54	0.0	0.0	-2.17	0.0	-0.8466	-1.4118
3SGB_E_I	AI15D,GI32A	2.387	-8.22	-2.59	-13.51	-1.16	19.08	-17.27	5.58	0.03	3.24	2.91	5.61	-1.62	-0.07	0.0	-0.05	0.34	1.066	-1.321
1JTG_A_B	YB143A,RA243A	3.574	-4.84	-13.42	-21.57	-2.7	30.88	-26.64	2.25	0.25	2.24	9.88	2.39	-4.46	-0.01	0.0	-0.37	0.07	2.26869	-1.30531
4NKQ_C_AB	DC112K,RB170D	1.4113	-6.05	-9.22	-11.97	-2.02	19.13	-13.2	0.28	0.28	2.5	10.82	3.9	-2.09	0.18	0.0	-0.13	0.08	0.1764	-1.2349
1AO7_ABC_DE	TD93A,YC5A	4.1035	-4.5	-5.6	-13.89	-1.98	19.06	-17.8	0.47	0.05	3.46	8.09	3.45	-2.78	-0.15	0.0	-0.07	-0.0	3.02945	-1.07405
1A22_A_B	SB298A,SB302A	0.4438	-5.07	-12.42	-24.56	-6.9	34.61	-29.87	3.8	0.55	3.77	9.57	5.91	-5.87	0.09	0.0	-1.31	0.12	-0.5693	-1.0131
5M2O_A_B	VB43A,QB47A	4.432	-4.83	-11.39	-16.94	-2.48	23.09	-22.42	0.47	0.15	3.86	10.81	2.36	-2.5	0.29	0.0	-0.01	0.44	3.42716	-1.00484
2C5D_A_C	VC92A,GC127R	0.321	-10.39	-14.16	-19.54	-3.9	27.34	-24.12	1.37	0.38	2.57	15.17	6.25	-3.57	0.0	0.0	-2.17	0.0	-0.656	-0.977
3SGB_E_I	LI18M,GI32D	3.1787	-8.13	-2.55	-13.26	-0.55	18.1	-16.84	6.29	0.03	3.22	2.53	5.9	-2.07	-0.07	0.0	0.12	0.34	2.2435	-0.9352
1DAN_HL_UT	NU107A,QU110A	1.2067	-8.78	-19.83	-25.68	-3.14	32.78	-34.06	1.48	0.34	3.68	18.34	6.7	-8.13	-0.33	-0.0	-0.45	0.0	0.4143	-0.7924
5XCO_A_B	DA12G,IB9A	3.4556	-5.05	-13.01	-14.35	-5.0	18.24	-17.85	1.0	0.08	2.12	8.77	3.43	-0.87	0.34	0.0	-0.87	0.03	2.79599	-0.65961
1DAN_HL_UT	KT41A,DT44A	2.2136	-7.91	-19.85	-26.0	-2.71	32.98	-34.29	1.48	0.34	3.01	18.8	6.77	-8.78	-0.33	-0.0	-0.26	0.0	1.57066	-0.64294
3D3V_ABC_DE	LE98A,YC8A	4.9042	-3.97	-8.54	-14.17	-3.05	20.17	-17.25	0.46	0.24	3.74	7.9	2.89	-3.07	-0.13	-0.0	-0.4	-0.0	4.38813	-0.51607
1JTG_A_B	NA100A,FB142A	2.7882	-4.84	-14.12	-20.18	-4.17	29.81	-24.62	2.22	0.25	2.06	8.96	2.33	-4.2	-0.0	0.0	-0.6	0.07	2.29244	-0.49576
1AO7_ABC_DE	GE101A,RE102Q	-1.2272	-5.29	-7.42	-17.32	-2.1	22.57	-22.09	1.57	0.1	5.5	9.42	2.4	-2.49	-0.12	0.0	-0.21	-0.0	-1.56273	-0.33553
1LFD_A_B	YA31F,EB237A	1.6108	-6.84	-6.51	-11.97	-2.45	17.91	-14.93	0.7	0.13	1.5	7.08	3.91	-1.94	0.09	0.0	-0.91	0.0	1.29664	-0.31416
1KNE_A_P	KA46A,AA25K	0.0126	-8.52	-7.16	-10.75	-0.94	18.56	-12.74	1.46	0.35	1.79	6.72	7.27	-0.77	0.21	0.0	-0.5	0.0	-0.25778	-0.27038
5E9D_AB_CDE	TD91Q,AE99Y	-1.0248	-8.22	-8.21	-26.49	-2.44	35.52	-37.27	1.28	0.17	2.81	10.34	3.56	-5.12	-0.14	0.0	0.03	0.09	-1.27162	-0.24682
1JTG_A_B	SA235A,KA234A	2.332	-4.89	-12.51	-22.15	-3.26	30.82	-27.54	2.23	0.28	2.29	10.26	2.61	-5.04	-0.02	0.0	-0.41	0.07	2.09263	-0.23937
1JTG_A_B	KA234A,SA130A	2.1896	-4.88	-12.73	-22.18	-3.27	30.76	-27.67	2.3	0.28	2.32	10.23	2.66	-4.83	-0.0	0.0	-0.41	0.07	1.97856	-0.21104
4G0N_A_B	TB68A,EA37A	3.0977	-7.09	-5.63	-10.18	-2.98	13.77	-12.57	0.14	0.15	1.48	4.44	5.95	-1.22	0.16	0.0	-1.33	-0.0	2.89983	-0.19787
2KSO_A_B	RA56E,HB47E	0.62903	-1.58	-8.51	-9.28	-7.17	18.84	-10.37	0.99	0.09	4.15	8.03	2.08	-0.85	0.02	0.0	-1.73	0.04	0.45433	-0.1747
2C5D_A_C	GC32S,GC127R	0.0254	-10.4	-14.16	-19.7	-3.9	27.38	-24.5	1.57	0.41	2.57	15.1	6.34	-3.6	0.0	0.0	-2.17	0.0	0.0348	0.0094
4G0N_A_B	TB68A,EA31A	1.5025	-7.08	-8.19	-11.47	-4.9	16.35	-13.77	0.21	0.17	1.51	7.77	5.78	-1.26	0.07	0.0	-1.67	-0.0	1.60262	0.10012
1AO7_ABC_DE	KD103P,RE102P	-1.3889	-4.64	-8.41	-16.32	-2.11	21.23	-20.85	0.95	0.07	4.51	8.7	3.12	-2.49	-0.14	0.0	-0.25	-0.0	-1.22068	0.16822
1KNE_A_P	DA62K,TP6L	-0.62971	-7.69	-6.37	-10.66	-0.73	17.31	-13.19	1.55	0.33	1.82	5.61	6.94	-0.5	0.21	0.0	-0.26	0.0	-0.31421	0.3155
1LFD_A_B	KA48A,EB263A	-0.0227	-6.97	-8.29	-12.51	-2.93	19.19	-15.3	0.43	0.08	1.51	8.05	3.84	-2.0	0.09	0.0	-1.04	0.0	0.29711	0.31981
1A22_A_B	EB320A,KB321A	-0.8609	-4.98	-12.42	-24.4	-6.91	34.84	-29.34	2.45	0.7	3.77	8.81	5.86	-5.99	0.02	0.0	-1.43	0.12	-0.3446	0.5163
4NKQ_C_AB	RB170D,KB195D	0.783	-5.98	-9.16	-11.41	-1.91	18.06	-12.46	0.29	0.27	2.51	10.01	3.81	-2.6	0.2	0.0	0.15	0.08	1.3131	0.5301
1JTG_A_B	MA129A,FB36A	3.0611	-4.89	-14.15	-20.53	-4.6	30.8	-24.75	1.99	0.21	2.0	9.54	2.39	-4.17	-0.1	0.0	-0.64	0.07	3.62948	0.56838
1R0R_E_I	AI15T,LI18M	-0.4446	-9.12	-1.45	-16.03	-0.77	20.53	-20.32	2.92	1.01	2.82	4.28	6.48	-2.33	-0.02	-0.0	-0.01	0.34	0.2551	0.6997
1DAN_HL_UT	DT44A,DT58A	3.2786	-8.06	-19.63	-25.7	-2.34	31.76	-34.23	1.68	0.34	3.04	19.22	6.71	-7.75	-0.33	-0.0	-0.38	0.0	4.0113	0.7327
4G0N_A_B	TB68A,IA36A	2.3404	-7.07	-8.19	-10.5	-5.07	15.83	-11.91	0.3	0.16	1.4	7.11	5.4	-1.46	0.13	0.0	-1.87	-0.0	3.09981	0.75941
1KNE_A_P	DA62F,TP6K	-1.02462	-7.69	-6.37	-10.71	-0.7	16.83	-13.29	1.59	0.31	1.8	5.95	6.74	-0.44	0.26	0.0	-0.32	0.0	-0.20625	0.81837
1JTG_A_B	PA107A,HB41A	1.7514	-4.89	-14.15	-21.9	-4.54	31.84	-26.7	2.12	0.3	2.99	10.14	2.52	-4.34	-0.0	0.0	-0.6	0.05	2.6516	0.9002
1A4Y_A_B	KB40G,YA437A	5.5342	-2.9	-16.42	-17.83	-7.11	26.64	-19.71	1.35	0.49	1.55	11.99	4.32	-4.85	-0.06	0.0	-2.57	0.08	6.4508	0.9166
1BRS_A_D	RA87A,DD39A	6.264	-5.01	-7.2	-15.17	-2.33	23.22	-17.48	1.56	0.24	5.01	8.37	4.45	-3.59	-0.65	0.0	-0.27	0.08	7.1817	0.9177
1JTG_A_B	QA99A,WB112A	2.4849	-4.92	-14.18	-20.59	-4.62	30.26	-25.06	2.1	0.28	2.08	9.1	2.89	-4.1	-0.0	0.0	-0.6	0.07	3.53594	1.05104
2PCC_A_B	AB81G,VA197A	1.02113	-0.53	-4.92	-5.83	-2.49	8.86	-6.86	0.98	0.2	0.76	5.92	1.89	-1.81	-0.26	0.0	-1.35	0.0	2.10163	1.0805
1R0R_E_I	AI15V,TI17S	-1.0958	-8.59	-0.63	-15.93	-0.81	19.64	-20.93	2.87	0.75	2.87	4.0	6.33	-2.17	-0.02	-0.0	-0.02	0.36	0.0935	1.1893
3S9D_A_B	EB77A,LA15A	2.897	-2.93	-6.27	-19.09	-2.9	20.83	-25.9	3.36	2.49	5.02	11.39	3.54	-1.39	-0.23	1.38	-1.21	0.11	4.09048	1.19348
1KNE_A_P	AA25F,TP6K	-1.25761	-7.7	-6.37	-10.91	-0.8	17.27	-13.53	1.52	0.32	1.79	6.27	6.74	-0.65	0.24	0.0	-0.5	0.0	-0.0359	1.22171
4L3E_ABC_DE	RA65A,YE51A	2.5618	-1.49	-3.78	-17.45	-3.87	22.1	-22.63	0.45	0.13	3.46	9.38	3.07	-5.08	0.22	-0.0	-0.77	0.0	3.80738	1.24558
1BRS_A_D	KA27A,DD39A	6.8928	-4.22	-5.14	-14.28	-2.27	21.21	-16.53	1.66	0.24	4.55	6.83	3.87	-3.83	-0.53	0.0	-0.23	0.1	8.2739	1.3811
1VFB_AB_C	WA92A,LC129A	1.9177	-4.33	-11.88	-10.45	-1.33	17.66	-10.69	0.3	0.07	1.9	3.79	2.15	-1.49	-0.09	0.0	0.13	0.0	3.30714	1.38944
1LFD_A_B	HA53A,VB229A	0.4644	-7.27	-8.4	-12.54	-2.92	19.32	-15.3	1.1	0.08	1.59	8.89	3.71	-2.63	0.03	0.0	-0.96	0.0	1.99592	1.53152
1EMV_A_B	FB86A,YA55A	6.7213	-4.82	-10.26	-11.91	-3.06	19.02	-13.91	0.53	0.09	3.68	6.82	0.68	-2.94	-0.52	0.0	-1.09	-0.0	8.259	1.5377
1DQJ_AB_C	YA96A,SC100A	-0.7006	-5.62	-13.64	-16.98	-1.07	26.6	-18.05	3.4	0.4	4.29	6.94	3.28	-3.38	-0.03	0.0	-0.27	0.02	0.9134	1.614
3S9D_A_B	IB103A,LA153A	1.7205	-1.89	-5.02	-16.19	-3.17	18.67	-22.0	0.89	0.74	2.9	8.82	3.46	-1.91	-0.4	1.1	-1.2	0.07	3.34508	1.62458
4RS1_A_B	DA48K,DA112K	2.4225	-7.14	-5.98	-20.81	-4.45	29.42	-26.4	0.97	0.41	5.63	13.4	5.74	-3.22	-0.18	0.04	-1.0	0.0	4.12084	1.69834
3S9D_A_B	HB76A,LA15A	2.2634	-2.85	-5.57	-18.4	-3.82	20.46	-24.99	3.3	2.51	4.91	10.5	3.39	-1.86	-0.17	1.38	-1.38	0.02	4.01478	1.75138
1KNE_A_P	DA62F,TP6I	-1.56977	-7.81	-6.37	-11.11	-0.75	17.39	-13.9	1.6	0.33	1.9	6.03	6.75	-0.46	0.21	0.0	-0.31	0.0	0.2042	1.77397
1VFB_AB_C	YB32A,KC116A	-0.202	-4.78	-11.58	-11.04	-1.66	17.91	-11.61	0.36	0.08	1.63	3.06	2.76	-1.78	-0.09	0.0	0.07	0.02	1.58591	1.78791
1BRS_A_D	HA102A,ED76A	5.6697	-4.27	-6.83	-14.28	-3.79	23.54	-16.24	1.53	0.18	4.91	6.57	4.66	-4.46	-0.8	0.0	-0.17	0.0	7.5593	1.8896
1JTG_A_B	KB74A,RA243A	4.5623	-4.72	-12.78	-21.49	-1.9	29.94	-26.64	2.22	0.26	2.19	9.9	2.96	-4.99	-0.04	0.0	-0.11	0.07	6.61692	2.05462
1VFB_AB_C	DB100A,SC24A	1.2989	-4.35	-9.93	-10.88	-0.82	16.39	-12.1	0.33	0.04	1.89	3.58	2.9	-2.29	0.25	0.0	0.08	0.02	3.36953	2.07063
1KNE_A_P	AA25F,TP6L	-1.73836	-8.62	-7.16	-11.84	-0.91	18.96	-14.8	1.56	0.33	1.89	7.51	7.49	-0.82	0.21	0.0	-0.48	0.0	0.39277	2.13113
1LFD_A_B	YA31A,SB239A	1.8124	-6.71	-6.5	-11.37	-2.51	17.51	-14.14	0.27	0.05	1.45	7.0	4.02	-2.19	0.09	0.0	-1.05	0.0	4.09503	2.28263
3S9D_A_B	DB104A,FA27A	0.0519	-1.92	-4.66	-17.29	-3.44	19.32	-23.83	0.66	1.07	3.0	9.28	3.77	-2.61	-0.27	1.26	-1.11	0.09	2.38365	2.33175
1A4Y_A_B	YA434A,DA435A	4.4586	-1.93	-17.28	-17.8	-6.75	25.45	-20.3	1.39	0.47	1.4	12.47	3.57	-4.42	-0.16	0.0	-2.43	0.06	6.8174	2.3588
1BRS_A_D	HA102A,ED80A	4.3153	-4.3	-8.11	-14.95	-5.21	25.12	-16.65	1.71	0.26	4.87	8.13	4.73	-5.28	-0.71	0.0	-0.47	0.0	6.7417	2.4264
3SGB_E_I	LI18M,YI20Q	1.1867	-8.0	-3.02	-12.74	-0.93	16.85	-16.02	3.07	0.06	3.22	3.99	5.92	-1.61	-0.07	0.0	0.0	0.34	3.7239	2.5372
1B41_A_B	TB8V,TB9N	-0.3771	-7.9	-10.0	-21.64	-1.36	25.24	-29.36	1.37	0.89	4.59	8.29	7.54	-3.79	-0.06	0.0	-0.58	0.09	2.4266	2.8037
1DQJ_AB_C	SA91A,YC20A	0.6277	-5.49	-13.59	-16.4	-1.17	26.04	-17.03	3.29	0.41	4.02	7.45	3.4	-3.68	-0.03	0.0	-0.27	0.02	3.57288	2.94518
1BRS_A_D	RA59A,ED76A	1.8582	-4.97	-9.34	-14.39	-3.72	24.15	-16.19	1.45	0.19	4.89	5.94	4.01	-4.5	-0.96	0.0	0.05	0.12	4.9678	3.1096
3S9D_A_B	IB103A,RA144A	0.3688	-1.86	-4.79	-16.52	-3.34	18.09	-22.82	0.98	0.8	2.74	8.83	3.72	-2.28	-0.17	1.12	-1.2	0.08	3.52372	3.15492
1A22_A_B	KA172A,FA176A	0.5687	-4.99	-12.2	-24.3	-6.86	34.98	-29.11	3.35	0.51	4.06	9.35	5.87	-6.67	0.09	0.0	-1.37	0.12	3.77892	3.21022
1KNE_A_P	AA25K,TP6L	-1.38412	-8.56	-7.16	-11.55	-0.9	18.71	-14.42	1.52	0.33	1.86	7.4	7.44	-0.77	0.21	0.0	-0.46	0.0	1.83353	3.21765
1BRS_A_D	RA59A,ED80A	1.9185	-4.98	-9.34	-14.39	-3.68	24.14	-16.19	1.45	0.19	4.89	5.95	4.01	-4.51	-0.91	0.0	0.04	0.12	5.1989	3.2804
3S9D_A_B	TB44A,RA144A	0.7152	-2.88	-7.3	-19.49	-3.75	22.24	-26.47	3.28	2.5	4.8	11.58	3.96	-2.52	-0.42	1.38	-1.29	0.16	4.04623	3.33103
1BP3_A_B	KA172A,FA176A	2.002	-1.91	-11.86	-19.23	-1.59	27.34	-24.14	1.1	1.07	3.07	10.3	4.5	-5.02	-0.03	0.0	-0.51	0.16	5.35217	3.35017
3KUD_A_B	TA35A,NB71R	-1.9103	-6.31	-6.35	-10.47	-5.3	16.29	-11.79	0.21	0.22	1.4	7.97	4.95	-1.77	0.19	0.0	-2.4	0.0	1.48862	3.39892
3S9D_A_B	EB77A,RA149A	0.2121	-2.94	-8.43	-18.79	-2.88	20.66	-26.04	3.29	2.47	4.67	11.68	3.38	-1.65	-0.47	1.38	-1.34	0.15	3.63065	3.41855
3S9D_A_B	EB77A,AA145G	1.1233	-3.67	-8.55	-19.44	-2.73	21.09	-26.28	3.99	2.49	4.71	12.91	3.73	-2.2	-0.23	1.38	-1.21	0.1	5.03876	3.91546
1LFD_A_B	KA52A,DB238A	1.9471	-6.23	-6.12	-11.33	-1.2	15.07	-14.36	0.31	0.07	1.48	6.68	3.72	-1.48	-0.05	0.0	-0.46	0.0	6.09543	4.14833
3S9D_A_B	DB104A,SA152A	-1.5085	-2.0	-3.52	-18.07	-3.2	18.74	-25.91	1.24	0.84	2.93	9.69	3.44	-2.41	-0.27	1.22	-1.1	0.06	2.67762	4.18612
1BRS_A_D	EA73A,DD35A	2.1001	-4.22	-9.96	-15.27	-5.41	24.17	-17.07	1.83	0.24	4.89	8.42	2.95	-1.99	-0.93	0.0	-0.77	0.12	6.437	4.3369
1BRS_A_D	RA59A,YD29A	3.6724	-4.54	-8.74	-12.95	-3.64	22.67	-14.55	0.52	0.14	4.69	5.67	4.41	-4.54	-0.96	0.0	0.07	0.1	8.1185	4.4461
1BRS_A_D	HA102Q,RA59A	4.7141	-4.28	-8.46	-13.94	-3.6	23.56	-15.72	1.44	0.29	4.69	6.47	4.02	-4.2	-0.96	0.0	0.06	0.0	9.30431	4.59021
4G0N_A_B	TA35A,AB85K	-2.156	-7.25	-9.89	-11.78	-6.81	18.13	-13.81	0.25	0.16	1.46	7.73	4.74	-1.04	0.16	0.0	-2.25	-0.0	2.5775	4.7335
3HFM_HL_Y	YL50A,RY21A	1.55753	-2.79	-6.98	-12.73	-1.17	19.76	-13.51	2.67	0.99	6.34	4.86	5.68	-3.11	0.0	0.0	-0.41	-0.0	6.36613	4.8086
3HFM_HL_Y	WH98A,KY96A	1.34287	-2.73	-5.64	-12.61	-0.99	18.26	-13.46	2.28	0.87	6.12	5.04	5.72	-3.31	0.0	0.0	-0.4	0.0	7.72962	6.38675
1MAH_A_F	YA124Q,WA286R	1.4473	-7.9	-10.03	-19.76	-1.26	25.31	-25.37	1.04	0.68	4.78	8.37	7.67	-3.33	-0.27	0.0	-0.59	0.06	9.70623	8.25893
