system	mutation	ddG_foldx	BackHbond	SideHbond	Energy_VdW	Electro	Energy_SolvP	Energy_SolvH	Energy_vdwclash	energy_torsion	backbone_vdwclash	Entropy_sidec	Entropy_mainc	water bonds	helix dipole	cis_bond	kn electrostatic	Energy_Ionisation	exp_ddG	diff
3HFM_HL_Y	WH98A	0.82348	-2.86	-8.55	-13.72	-0.57	21.11	-14.5	2.93	0.96	6.36	5.33	5.25	-2.41	0.0	0.0	-0.42	0.0	5.51039	4.68691
3HFM_HL_Y	KY96A	0.45576	-2.79	-7.53	-14.49	-0.61	21.14	-15.03	2.45	1.35	6.21	6.07	5.9	-3.84	0.0	0.0	-0.46	0.0	6.736940000000001	6.281180000000001
3D3V_ABC_DE	LE98A	2.418	-3.91	-10.2	-15.25	-3.49	21.71	-18.52	0.45	0.24	4.1	7.94	3.37	-3.21	-0.12	-0.0	-0.41	-0.0	2.61585	0.19785
3D3V_ABC_DE	YC8A	2.5682	-4.0	-8.56	-15.24	-3.06	20.84	-19.2	0.47	0.25	3.88	8.31	2.51	-3.04	-0.13	-0.0	-0.41	-0.0	3.4118699999999995	0.8436699999999995
1JTG_A_B	PA107A	0.6713	-4.88	-14.24	-22.18	-4.53	32.08	-27.08	2.1	0.31	2.99	9.76	2.51	-4.79	0.0	0.0	-0.56	0.07	-0.0738	-0.7451
1JTG_A_B	HB41A	0.9809	-4.93	-14.16	-22.09	-4.52	31.57	-27.09	2.17	0.3	2.27	10.02	2.44	-4.32	0.0	0.0	-0.56	0.05	3.3161120000000004	2.3352120000000003
1A4Y_A_B	YA434A	2.1118	-2.02	-18.18	-18.49	-9.07	28.54	-20.83	1.61	0.53	1.5	12.4	3.59	-5.25	-0.06	0.0	-2.98	0.2	3.2603	1.1485
1A4Y_A_B	DA435A	2.1435	-2.08	-17.55	-19.51	-6.69	26.99	-22.56	1.57	0.49	1.62	12.53	3.68	-4.3	-0.16	0.0	-2.44	0.06	3.4837	1.3402
1AO7_ABC_DE	KD103P	-0.0288	-4.61	-6.86	-16.32	-2.0	21.49	-20.65	0.7	0.07	4.67	8.69	2.65	-2.67	-0.18	0.0	-0.1	-0.0	-0.26765	-0.23885
1AO7_ABC_DE	RE102P	-0.068	-4.61	-6.83	-16.06	-2.1	21.04	-20.48	0.91	0.07	4.55	8.59	2.46	-2.47	-0.12	0.0	-0.21	-0.0	-1.94071	-1.87271
1JTG_A_B	KA234A	1.337	-4.87	-14.27	-22.26	-3.21	30.98	-27.49	2.17	0.29	2.29	10.22	2.76	-4.76	0.0	0.0	-0.37	0.07	1.22149	-0.11551
1JTG_A_B	SA130A	1.0539	-4.87	-12.68	-22.22	-4.03	31.07	-27.61	2.3	0.29	2.31	9.43	2.74	-4.98	0.0	0.0	-0.53	0.07	0.5626	-0.4913
1A22_A_B	SB298A	0.4407	-5.19	-12.44	-24.94	-6.69	35.78	-30.02	2.96	0.51	4.1	9.98	5.95	-6.25	0.12	0.0	-1.34	0.11	-0.1683333333333333	-0.6090333333333333
1A22_A_B	SB302A	-0.0645	-5.18	-12.44	-24.84	-6.68	35.39	-30.13	2.94	0.5	4.1	9.66	6.08	-6.14	0.12	0.0	-1.34	0.11	0.0207999999999999	0.0852999999999999
1LFD_A_B	KA52A	2.0724	-6.3	-6.19	-11.74	-2.05	17.09	-14.58	0.34	0.08	1.47	7.04	3.73	-1.99	0.07	0.0	-0.78	0.0	2.143685	0.071285
1LFD_A_B	DB238A	0.696	-6.75	-7.96	-11.86	-1.96	17.01	-14.78	0.33	0.07	1.5	7.89	3.75	-1.73	-0.03	0.0	-0.63	0.0	1.94782	1.2518200000000002
2G2U_A_B	WB112A	1.0971	-4.55	-10.31	-17.98	-2.56	24.81	-22.97	0.75	0.56	4.58	6.45	2.05	-3.27	-0.08	0.24	-0.36	0.36	0.95826	-0.13884
2G2U_A_B	YB143A	0.6207	-4.07	-9.73	-19.02	-1.93	25.49	-24.52	0.92	0.56	4.72	6.72	1.85	-3.69	-0.12	0.24	-0.16	0.12	-1.8463	-2.467
5M2O_A_B	VB43A	2.2529	-5.54	-13.14	-17.92	-2.5	24.4	-23.29	0.48	0.16	3.8	11.88	2.36	-2.77	0.29	0.0	-0.01	0.44	2.52453	0.27163
5M2O_A_B	QB47A	2.3348	-4.96	-11.45	-17.74	-2.48	23.28	-24.12	0.51	0.19	3.72	11.11	2.36	-2.5	0.29	0.0	-0.01	0.44	1.1827	-1.1521
1AO7_ABC_DE	SD31A	1.2028	-4.61	-5.63	-16.12	-1.92	21.38	-20.54	0.67	0.06	4.67	8.54	2.39	-2.54	-0.15	0.0	-0.07	-0.0	0.8457266666666667	-0.3570733333333333
1AO7_ABC_DE	YC5A	3.8053	-4.5	-5.63	-13.89	-2.03	19.07	-17.79	0.52	0.05	3.52	8.29	3.08	-2.87	-0.15	0.0	-0.08	-0.0	1.585362727272727	-2.2199372727272726
3KUD_A_B	TA35A	0.0495	-5.02	-5.03	-9.43	-4.38	14.49	-10.94	0.18	0.22	1.4	5.57	4.57	-1.24	0.12	0.0	-1.7	0.0	1.99035	1.94085
3KUD_A_B	NB71R	-1.672	-5.93	-6.24	-10.25	-5.45	15.94	-11.59	0.18	0.22	1.4	7.92	4.8	-1.67	0.17	0.0	-2.39	0.0	-0.79767	0.87433
1JTG_A_B	SA235A	1.2812	-4.92	-12.43	-22.24	-4.47	31.72	-27.5	2.14	0.3	2.27	9.76	2.41	-5.08	0.0	0.0	-0.56	0.07	1.23842	-0.04278
1JTG_A_B	QA99A	0.175	-4.94	-14.24	-21.8	-4.52	31.2	-26.87	2.19	0.29	2.13	8.95	2.88	-4.56	0.0	0.0	-0.56	0.07	0.50725	0.33225
1JTG_A_B	WB112A	2.4022	-4.91	-14.18	-21.14	-4.6	30.89	-25.65	2.06	0.3	2.21	9.79	2.59	-4.34	0.0	0.0	-0.56	0.07	2.8792600000000004	0.4770600000000002
1AO7_ABC_DE	TD93A	0.8121	-4.51	-6.73	-16.06	-1.93	21.28	-20.34	0.63	0.07	4.49	8.74	3.22	-3.05	-0.16	0.0	-0.08	-0.0	0.95713	0.14503
1A22_A_B	EB320A	0.1064	-5.17	-12.44	-24.83	-6.62	35.66	-29.82	2.96	0.51	4.1	9.44	5.95	-6.22	0.03	0.0	-1.35	0.11	-0.2022	-0.3086
1A22_A_B	KB321A	0.4121	-5.16	-11.16	-24.72	-6.81	35.12	-29.75	2.89	0.51	4.1	8.78	6.01	-6.05	0.14	0.0	-1.4	0.11	0.0794499999999999	-0.33265
3S9D_A_B	TB44A	0.6846	-2.6	-7.28	-19.29	-4.9	22.55	-26.03	6.3	1.86	3.61	11.45	3.48	-2.57	-0.28	0.01	-1.52	0.14	1.7303133333333334	1.0457133333333335
3S9D_A_B	RA144A	0.1388	-2.64	-7.39	-19.61	-4.81	22.84	-26.53	6.31	1.85	3.65	11.7	3.6	-2.96	-0.28	0.01	-1.44	0.14	2.1464133333333333	2.007613333333333
4L3E_ABC_DE	RA65A	2.1567	-1.49	-3.78	-17.56	-3.9	22.17	-22.84	0.45	0.13	3.47	9.4	3.05	-5.18	0.23	-0.0	-0.8	0.0	1.30109	-0.85561
4L3E_ABC_DE	YE51A	0.1525	-3.0	-5.29	-18.56	-3.69	23.92	-23.58	0.47	0.14	3.55	9.94	3.07	-5.26	0.21	-0.0	-0.5	0.0	2.22721	2.07471
4G0N_A_B	TA35A	-0.1599	-5.48	-8.43	-10.93	-5.13	16.22	-13.14	0.15	0.18	1.39	7.38	5.42	-2.12	0.14	0.0	-2.01	-0.0	2.662025	2.821925
4G0N_A_B	AB85K	-1.7339	-5.65	-8.36	-11.18	-6.87	17.7	-13.22	0.19	0.18	1.45	7.43	4.38	-1.67	0.17	0.0	-2.45	-0.0	-1.10837	0.62553
1JTG_A_B	FB142A	3.1336	-4.82	-14.12	-20.4	-4.17	30.28	-24.71	2.15	0.28	2.22	9.06	2.56	-4.57	0.0	0.0	-0.56	0.07	2.803988571428571	-0.3296114285714289
1JTG_A_B	YA105A	3.1957	-4.28	-13.45	-20.16	-4.85	29.25	-24.81	2.32	0.29	1.94	9.53	2.49	-4.72	0.0	0.0	-0.56	0.07	-0.1312	-3.3269
4NKQ_C_AB	DC112K	0.5068	-6.05	-9.22	-12.64	-2.44	19.34	-13.91	0.3	0.3	2.49	11.12	4.11	-1.93	0.2	0.0	-0.17	0.08	-0.3314	-0.8382
4NKQ_C_AB	RB170D	1.2677	-6.05	-9.22	-11.78	-1.86	18.67	-13.06	0.29	0.28	2.51	10.6	3.82	-2.21	0.18	0.0	0.11	0.08	-0.0773	-1.345
1JTG_A_B	EA104K	4.1371	-3.89	-12.83	-22.53	-2.38	31.74	-28.15	2.25	0.27	2.29	10.16	2.59	-4.84	0.0	0.0	-0.41	0.07	3.23912	-0.8979800000000004
2KSO_A_B	RA56E	0.29342	-1.58	-8.51	-9.44	-7.17	19.11	-10.53	0.99	0.09	4.1	7.64	2.18	-0.87	0.02	0.0	-1.73	0.04	-0.66205	-0.95547
2KSO_A_B	HB47E	-0.0304	-1.58	-8.51	-9.31	-7.57	18.9	-10.39	0.99	0.09	4.15	8.16	2.08	-0.89	0.02	0.0	-2.09	0.04	-0.15536	-0.12496
3S9D_A_B	HB76A	1.4026	-2.6	-5.57	-18.45	-4.82	20.62	-25.21	6.38	1.89	3.48	10.63	3.24	-2.55	-0.03	0.01	-1.49	0.01	0.8233666666666665	-0.5792333333333336
3S9D_A_B	LA15A	1.0091	-2.67	-7.36	-19.38	-4.92	23.13	-25.85	6.31	1.86	3.92	11.29	3.36	-2.46	-0.28	0.01	-1.52	0.14	1.5356266666666667	0.5265266666666666
2DVW_A_B	RA41A	4.0276	-3.52	-14.61	-19.94	-14.09	35.2	-22.38	1.06	0.34	3.84	9.89	1.28	-6.39	0.21	0.0	-3.04	0.0	0.91016	-3.11744
2DVW_A_B	KA116A	3.1373	-1.74	-15.34	-19.87	-15.5	34.11	-22.05	1.03	0.27	3.88	10.22	1.25	-6.55	0.26	0.0	-2.97	0.0	0.03419	-3.10311
1JTG_A_B	YB143A	2.1198	-4.89	-13.99	-21.84	-3.88	31.7	-26.72	2.19	0.26	2.27	9.72	2.59	-4.62	0.0	0.0	-0.56	0.07	0.709775	-1.410025
1JTG_A_B	RA243A	1.3033	-4.88	-13.71	-22.12	-3.31	31.14	-27.41	2.18	0.28	2.23	9.81	2.52	-5.01	-0.01	0.0	-0.33	0.07	1.301875	-0.001425
3SGB_E_I	AI15D	1.7757	-8.17	-2.57	-13.54	-1.21	19.56	-17.13	3.76	0.03	3.29	2.93	6.17	-1.6	-0.07	0.0	-0.05	0.34	0.4698	-1.3059
3SGB_E_I	GI32A	1.4629	-8.19	-2.59	-12.91	-0.58	16.81	-16.85	5.45	0.03	3.23	2.34	5.56	-1.2	-0.07	0.0	0.0	0.34	1.2755	-0.1874
1MAH_A_F	YA124Q	0.8241	-7.43	-9.65	-20.26	-1.96	25.14	-26.22	0.73	0.61	4.94	8.81	8.24	-3.45	-0.46	0.0	-0.98	0.05	3.0041	2.18
1MAH_A_F	WA286R	0.7839	-7.89	-9.94	-19.71	-1.76	24.79	-25.22	0.67	0.6	4.87	8.6	8.36	-4.11	-0.46	0.0	-0.85	0.05	8.80887	8.02497
1BRS_A_D	HA102A	4.1262	-4.3	-8.29	-14.9	-5.06	24.89	-16.63	1.58	0.24	4.92	8.15	4.73	-5.11	-0.76	0.0	-0.52	0.0	6.344074999999999	2.217875
1BRS_A_D	ED76A	0.9131	-5.02	-9.35	-15.75	-4.31	25.71	-17.64	1.52	0.22	5.16	7.86	4.14	-5.66	-0.78	0.0	-0.25	0.12	1.0933	0.1801999999999999
1DAN_HL_UT	NU107A	0.0033	-8.24	-21.21	-27.65	-4.97	37.08	-35.31	5.99	1.25	4.55	19.72	6.99	-10.1	-0.46	0.09	-0.85	0.0	0.0	-0.0033
1DAN_HL_UT	QU110A	1.1806	-8.27	-20.36	-26.91	-4.89	35.78	-34.64	5.97	1.25	4.48	18.81	7.4	-9.51	-0.46	0.09	-0.73	0.0	1.30478	0.12418
1JTG_A_B	EB73M	1.2192	-3.31	-12.66	-21.97	-5.38	30.22	-27.49	2.1	0.29	2.23	9.98	2.65	-4.48	0.1	0.0	-0.98	0.07	0.5061	-0.7131
2C5D_A_C	VC92A	0.7899	-10.35	-12.05	-19.03	-3.63	26.01	-23.89	1.33	0.39	2.62	15.04	4.87	-3.4	0.0	0.0	-2.29	0.0	-0.5991	-1.389
2C5D_A_C	GC127R	0.0	-10.36	-12.05	-18.96	-3.62	25.45	-24.13	1.31	0.38	2.59	14.94	4.87	-3.31	0.0	0.0	-2.31	0.0	-0.0183	-0.0183
1LFD_A_B	YA31F	1.097	-6.93	-6.51	-12.08	-2.65	18.09	-15.03	0.68	0.16	1.51	7.43	3.82	-2.26	0.09	0.0	-1.05	0.0	1.34816	0.25116
1LFD_A_B	EB237A	1.4613	-6.83	-6.5	-12.08	-2.44	18.26	-14.9	0.27	0.06	1.5	7.21	3.91	-2.01	0.09	0.0	-0.91	0.0	1.19649	-0.26481
1LFD_A_B	YA31A	1.9829	-6.71	-6.5	-11.34	-2.51	17.57	-13.94	0.26	0.05	1.45	7.15	3.78	-2.19	0.09	0.0	-1.05	0.0	3.59599	1.61309
1LFD_A_B	SB239A	-0.4676	-6.95	-8.29	-12.44	-2.96	18.91	-15.52	0.64	0.08	1.51	7.75	3.96	-1.99	0.09	0.0	-1.09	0.0	-0.750615	-0.283015
4G0N_A_B	TB68A	1.3741	-5.53	-6.81	-10.92	-5.11	15.97	-13.26	0.13	0.18	1.44	7.59	5.36	-1.95	0.14	0.0	-2.02	-0.0	1.82834	0.4542399999999997
4G0N_A_B	EA37A	1.7188	-5.48	-5.76	-10.16	-3.02	14.01	-12.6	0.14	0.13	1.41	4.46	5.63	-1.92	0.16	0.0	-1.49	-0.0	1.80055	0.08175
4G0N_A_B	IA36A	1.7604	-5.5	-8.43	-9.91	-5.13	15.56	-11.27	0.15	0.17	1.34	6.95	5.25	-1.8	0.14	0.0	-2.02	-0.0	1.80055	0.04015
1R0R_E_I	AI15V	-1.883	-8.68	-0.9	-16.35	-0.77	20.0	-21.83	3.15	0.82	2.95	4.01	6.6	-2.29	-0.02	-0.0	-0.01	0.34	-0.95655	0.92645
1R0R_E_I	TI17S	1.008	-8.46	-0.88	-14.77	-0.78	18.98	-18.76	2.87	0.34	2.77	3.62	6.65	-2.14	-0.02	-0.0	-0.01	0.34	0.8471	-0.1609
1VFB_AB_C	YB32A	-0.3096	-4.84	-11.63	-11.22	-1.54	18.59	-11.88	0.36	0.08	1.84	3.26	2.36	-1.95	-0.13	0.0	0.14	0.02	0.791605	1.101205
1VFB_AB_C	KC116A	-0.2739	-4.78	-11.58	-11.06	-1.67	17.93	-11.61	0.36	0.08	1.77	3.08	2.67	-1.72	-0.09	0.0	0.02	0.02	0.7134	0.9873
1KNE_A_P	AA25F	-0.70044	-8.57	-7.16	-11.21	-0.9	18.85	-13.49	1.5	0.35	1.86	7.04	7.18	-0.86	0.21	0.0	-0.48	0.0	-0.11497	0.58547
1KNE_A_P	TP6L	-0.85466	-8.54	-7.16	-11.29	-0.92	18.84	-13.84	1.5	0.32	1.91	6.83	7.59	-0.75	0.21	0.0	-0.48	0.0	0.2042	1.05886
1DAN_HL_UT	KT41A	-0.0663	-8.24	-21.21	-27.65	-4.99	37.09	-35.3	6.0	1.25	4.54	19.73	6.95	-10.1	-0.46	0.09	-0.87	0.0	0.3214	0.3877
1DAN_HL_UT	DT44A	2.3097	-7.42	-20.38	-27.26	-4.38	36.11	-34.93	6.0	1.25	3.89	19.25	7.11	-9.81	-0.46	0.09	-0.5	0.0	1.4378	-0.8718999999999999
3SGB_E_I	LI18M	0.106	-8.11	-2.52	-12.79	-0.58	16.56	-16.28	3.08	0.03	3.23	2.48	6.19	-1.56	-0.07	0.0	0.0	0.34	0.447	0.341
3SGB_E_I	GI32D	2.7024	-8.17	-2.59	-13.28	-0.59	18.38	-17.15	6.12	0.03	3.21	2.37	5.58	-1.71	-0.07	0.0	0.11	0.34	1.6024	-1.1
1DAN_HL_UT	DT58A	3.1121	-7.95	-20.43	-27.32	-4.45	35.57	-35.22	6.01	1.2	4.55	20.56	7.24	-8.38	-0.46	0.09	-0.99	0.0	1.98851	-1.12359
1A22_A_B	KA172A	0.8611	-5.17	-12.4	-24.54	-6.67	35.5	-29.38	2.73	0.51	4.29	9.72	5.95	-6.12	0.12	0.0	-1.4	0.11	1.7783	0.9172
1A22_A_B	FA176A	0.1219	-5.19	-12.44	-24.95	-6.7	35.98	-30.0	2.97	0.5	4.19	9.62	5.98	-6.44	0.12	0.0	-1.34	0.11	1.02395	0.90205
1B41_A_B	TB8V	-0.7484	-6.8	-9.61	-21.94	-1.52	25.15	-29.89	3.65	0.93	4.48	6.55	6.11	-2.61	-0.06	0.0	-0.61	0.12	1.1359	1.8843
1B41_A_B	TB9N	0.6097	-6.75	-10.68	-21.33	-1.5	25.58	-28.07	3.65	0.93	4.33	6.36	5.94	-2.77	-0.06	0.0	-0.59	0.12	3.6092	2.9995
1JTG_A_B	NA100A	-0.307	-4.94	-14.24	-22.06	-4.48	31.32	-27.27	2.19	0.27	2.09	9.52	2.48	-4.7	0.0	0.0	-0.56	0.07	-0.96115	-0.65415
1KNE_A_P	DA62F	-0.47415	-7.75	-6.37	-10.5	-0.74	17.29	-12.6	1.47	0.33	1.84	5.62	6.61	-0.57	0.21	0.0	-0.32	0.0	-0.6167	-0.14255
1KNE_A_P	TP6K	-0.52842	-8.54	-7.16	-10.96	-0.95	18.47	-13.24	1.54	0.33	1.81	6.74	7.4	-0.7	0.24	0.0	-0.52	0.0	-0.31421	0.21421
3S9D_A_B	DB104A	-2.3878	-1.97	-5.96	-18.11	-3.27	19.13	-25.26	2.01	0.95	2.89	10.55	3.41	-2.12	-0.13	0.0	-1.04	0.09	1.33725	3.72505
3S9D_A_B	SA152A	0.6426	-2.61	-5.57	-19.57	-4.79	21.83	-26.85	6.36	1.86	3.58	11.2	3.36	-2.5	-0.03	0.01	-1.49	0.07	1.1221	0.4794999999999999
1KNE_A_P	AA25K	-0.48492	-8.57	-7.16	-10.95	-0.88	18.6	-13.15	1.48	0.35	1.85	6.87	7.14	-0.78	0.21	0.0	-0.46	0.0	0.8945	1.37942
1BRS_A_D	RA59A	2.27	-4.96	-9.33	-14.38	-3.59	24.07	-16.19	1.48	0.19	4.89	5.95	4.12	-4.43	-0.96	0.0	0.08	0.12	4.9862	2.7162
1BRS_A_D	ED80A	0.1305	-5.05	-10.8	-16.16	-5.36	26.91	-17.83	1.51	0.24	5.15	8.66	4.12	-5.15	-0.71	0.0	-0.48	0.12	0.4765	0.346
1LFD_A_B	KA48A	0.3272	-6.97	-8.29	-12.41	-2.89	19.22	-15.11	0.4	0.07	1.51	8.03	3.88	-2.0	0.09	0.0	-1.04	0.0	0.36356	0.03636
1LFD_A_B	EB263A	-0.2493	-6.95	-8.29	-12.5	-2.98	19.19	-15.29	0.41	0.08	1.51	8.05	3.69	-2.03	0.09	0.0	-1.07	0.0	0.29711	0.54641
4NKQ_C_AB	KB195D	0.5999	-5.1	-8.34	-12.04	-3.35	18.48	-13.02	0.29	0.29	2.45	10.16	3.85	-1.83	0.21	0.0	-0.51	0.08	-0.1992	-0.7991
1AO7_ABC_DE	GE101A	-0.4991	-4.68	-6.83	-17.0	-1.92	22.21	-21.81	1.46	0.09	5.19	8.64	2.49	-2.67	-0.15	0.0	-0.07	-0.0	-1.09048	-0.59138
1AO7_ABC_DE	RE102Q	0.1313	-4.61	-6.83	-15.91	-2.11	21.09	-20.15	0.66	0.06	4.48	8.58	2.56	-2.61	-0.12	0.0	-0.21	-0.0	0.41045	0.27915
1EMV_A_B	FB86A	3.842	-5.53	-10.89	-13.23	-3.12	20.15	-15.48	0.53	0.11	3.6	6.87	0.78	-2.83	-0.52	0.0	-1.09	-0.0	3.8787	0.0367
1EMV_A_B	YA55A	2.7841	-4.95	-10.28	-13.43	-3.02	19.22	-16.69	0.55	0.08	3.78	7.03	0.65	-2.85	-0.52	0.0	-1.09	-0.0	4.6345	1.8504
3SGB_E_I	LI18I	4.23825	-8.09	-2.51	-12.77	-0.58	16.72	-16.68	6.29	0.96	3.3	2.44	6.07	-1.21	-0.07	0.0	0.0	0.34	4.4189	0.18065
3S9D_A_B	IB103A	-0.7562	-1.85	-5.86	-16.84	-3.43	18.66	-22.8	1.63	0.8	2.9	9.6	3.42	-2.25	-0.03	0.0	-1.24	0.09	1.6163333333333334	2.372533333333333
1BRS_A_D	HA102Q	2.3781	-4.39	-9.85	-15.74	-5.35	26.35	-17.43	1.53	0.26	4.98	9.21	4.12	-5.16	-0.76	0.0	-0.52	0.0	4.5483	2.1702
1VFB_AB_C	YA50A	2.3812	-4.77	-10.8	-10.92	-1.0	18.2	-11.47	0.28	0.07	1.91	3.76	2.83	-1.92	-0.09	0.0	0.13	0.02	0.4560499999999999	-1.9251500000000004
1VFB_AB_C	DC119A	1.5489	-4.93	-10.78	-11.55	-0.85	18.23	-12.36	0.39	0.08	2.2	4.44	2.85	-1.88	-0.09	0.0	-0.1	0.02	0.95299	-0.59591
4G0N_A_B	EA31A	0.2819	-5.5	-8.43	-10.9	-4.96	16.2	-13.09	0.16	0.18	1.45	7.35	5.3	-1.93	0.09	0.0	-1.8	-0.0	0.944485	0.662585
2C5D_A_C	GC32S	0.1233	-10.36	-12.05	-18.95	-3.62	25.51	-24.11	1.4	0.39	2.59	14.95	4.94	-3.46	0.0	0.0	-2.31	0.0	0.0989	-0.0244
1JTG_A_B	DB49A	4.6234	-4.89	-10.1	-21.26	-2.24	28.14	-26.87	2.16	0.27	2.14	8.94	3.09	-4.61	0.01	0.0	-0.16	0.07	2.34697	-2.2764300000000004
5M2O_A_B	NA75A	3.1561	-5.25	-11.49	-18.09	-2.51	24.17	-24.53	0.59	0.2	3.47	11.71	2.37	-2.14	0.28	0.0	-0.0	0.44	0.1599	-2.9962
5M2O_A_B	EA84A	1.6963	-5.52	-10.62	-18.12	-1.53	22.9	-24.46	0.46	0.2	3.69	10.42	2.16	-2.43	0.21	0.0	0.18	0.44	0.7229	-0.9734
3SGB_E_I	YI20Q	2.1475	-8.07	-1.35	-12.63	-0.95	17.05	-16.19	3.06	0.04	3.27	3.19	5.59	-1.18	-0.07	0.0	-0.01	0.34	3.2354	1.0879
1LFD_A_B	HA53A	0.7039	-6.41	-7.75	-12.62	-3.34	19.75	-15.35	0.31	0.08	1.62	7.48	4.05	-1.99	0.08	0.0	-0.94	0.0	1.497945	0.7940450000000001
1LFD_A_B	VB229A	0.0372	-6.95	-8.29	-12.46	-2.95	19.24	-15.2	0.41	0.08	1.51	8.1	3.73	-2.03	0.09	0.0	-1.09	0.0	0.4967	0.4595
5XCO_A_B	DA12G	0.425	-5.14	-13.06	-15.29	-5.03	18.13	-20.0	1.11	0.08	2.2	9.2	3.22	-0.85	0.34	0.0	-0.87	0.03	1.10994	0.68494
5XCO_A_B	IB9A	2.9721	-5.04	-12.91	-14.35	-5.18	18.14	-17.86	1.0	0.08	2.12	8.67	3.37	-0.87	0.34	0.0	-1.02	0.03	2.79599	-0.17611
1JTG_A_B	MA129A	1.4861	-4.94	-14.24	-21.38	-4.61	31.44	-26.02	2.1	0.27	2.31	9.42	2.56	-4.54	-0.1	0.0	-0.62	0.07	1.11855	-0.36755
1JTG_A_B	FB36A	2.091	-4.9	-14.19	-21.41	-4.52	31.78	-25.79	2.09	0.25	2.0	9.85	2.26	-4.93	0.0	0.0	-0.56	0.08	3.225076	1.134076
1KNE_A_P	KA46A	0.15598	-8.44	-7.16	-10.71	-0.95	18.52	-12.68	1.47	0.34	1.78	6.63	7.35	-0.76	0.21	0.0	-0.5	0.0	-1.26725	-1.42323
3S9D_A_B	EB77A	2.376	-2.6	-6.14	-19.13	-3.9	20.95	-26.12	6.38	1.85	3.52	11.5	3.52	-1.95	-0.09	0.01	-1.34	0.09	2.41446	0.0384600000000001
3S9D_A_B	FA27A	1.9285	-2.6	-7.39	-18.54	-4.92	22.53	-24.61	6.08	1.85	3.49	10.72	3.6	-2.51	-0.28	0.01	-1.52	0.14	0.7101999999999999	-1.2183000000000002
1BP3_A_B	KA172A	1.3297	-1.93	-10.76	-19.29	-1.35	26.05	-24.17	1.22	1.12	2.52	9.31	4.5	-5.16	-0.01	0.0	-0.46	0.15	2.6051	1.2754
1BP3_A_B	FA176A	0.5395	-1.96	-10.71	-19.54	-1.37	26.33	-24.64	1.16	1.12	2.36	9.32	4.49	-5.51	-0.01	0.0	-0.43	0.15	1.926945	1.387445
1DQJ_AB_C	YA96A	-0.3617	-6.83	-13.21	-17.0	-1.28	27.43	-17.45	3.31	0.42	4.31	6.71	3.22	-3.09	-0.03	0.0	-0.28	0.02	1.135	1.4967
1DQJ_AB_C	SC100A	-0.6552	-5.65	-13.78	-17.28	-0.91	27.18	-18.19	3.33	0.43	4.28	6.95	3.28	-3.41	-0.03	0.0	-0.27	0.02	0.7755	1.4307
2WPT_A_B	DA33A	2.0694	-7.46	-10.69	-14.87	-3.36	22.92	-17.43	0.33	0.35	4.41	9.71	3.34	-3.49	-0.53	0.0	-0.9	0.0	-0.775795	-2.845195
2WPT_A_B	FB86A	2.8287	-7.41	-12.11	-13.79	-3.63	23.17	-15.31	0.32	0.33	4.23	10.48	2.73	-4.68	-0.47	0.0	-0.96	0.0	1.5938799999999995	-1.2348200000000005
1R0R_E_I	AI15T	-0.7571	-9.1	-1.45	-16.17	-0.77	20.82	-20.88	2.92	1.03	2.91	4.12	6.67	-2.29	-0.02	-0.0	-0.01	0.34	1.2505	2.0076
1R0R_E_I	LI18M	0.1069	-8.49	-0.88	-15.22	-0.77	19.12	-19.44	2.89	0.33	2.76	3.78	6.76	-2.33	-0.02	-0.0	-0.01	0.34	-0.5091	-0.616
1BRS_A_D	EA73A	0.8058	-5.05	-10.45	-15.95	-5.77	25.72	-17.75	1.72	0.24	5.11	8.94	4.16	-3.58	-0.73	0.0	-0.93	0.12	2.351733333333333	1.5459333333333332
1BRS_A_D	DD35A	2.1944	-4.12	-9.8	-15.25	-4.52	24.11	-17.11	1.45	0.22	4.73	8.01	2.92	-2.67	-0.81	0.0	-0.47	0.11	4.28422	2.08982
1DQJ_AB_C	SA91A	0.0462	-5.65	-13.83	-17.32	-0.91	27.51	-17.9	3.33	0.43	4.21	6.86	3.28	-3.16	-0.03	0.0	-0.27	0.02	1.4318	1.3856
1DQJ_AB_C	YC20A	1.3228	-5.54	-13.57	-16.6	-0.93	26.7	-17.22	3.32	0.4	4.07	7.36	3.42	-3.43	-0.03	0.0	-0.27	0.02	3.28551	1.96271
1JTG_A_B	YB50A	2.2308	-4.94	-14.27	-21.32	-4.74	31.89	-25.58	2.03	0.28	2.23	9.63	2.64	-4.9	-0.01	0.0	-0.63	0.06	-1.70645	-3.93725
5E9D_AB_CDE	TD91Q	-0.0233	-8.16	-9.27	-27.15	-3.49	38.1	-37.85	0.98	0.19	2.86	11.19	4.09	-4.67	-0.09	0.0	-0.03	0.09	-0.57364	-0.55034
5E9D_AB_CDE	AE99Y	-0.7335	-8.32	-8.37	-26.47	-2.52	35.5	-37.33	0.97	0.17	2.76	10.65	3.57	-4.66	-0.09	0.0	0.05	0.09	-0.89932	-0.16582
1VFB_AB_C	DB100A	0.9923	-4.35	-10.92	-10.95	-0.83	16.62	-11.85	0.33	0.04	1.84	3.84	2.9	-2.26	0.25	0.0	0.08	0.02	3.0048000000000004	2.0125
1VFB_AB_C	SC24A	-0.6502	-5.03	-11.6	-11.52	-1.32	18.55	-12.56	0.35	0.04	1.94	3.46	2.85	-2.0	-0.09	0.0	0.13	0.02	0.85087	1.50107
1JTG_A_B	EB73A	1.6567	-3.3	-12.66	-21.56	-5.36	29.8	-26.81	2.02	0.28	2.12	9.88	2.64	-4.54	0.1	0.0	-0.98	0.07	0.43485	-1.22185
4RS1_A_B	DA48K	1.8894	-7.38	-10.4	-21.03	-5.68	30.15	-26.41	0.93	0.54	5.85	16.43	6.17	-4.01	-0.24	0.13	-1.45	-0.0	3.61763	1.72823
4RS1_A_B	DA112K	1.6888	-8.15	-8.1	-20.53	-4.84	28.88	-25.82	1.2	0.53	5.76	13.81	6.18	-4.12	-0.21	0.13	-1.42	-0.0	3.47677	1.78797
1BP3_A_B	RA64A	1.3081	-1.95	-10.31	-19.2	-0.84	25.36	-24.39	1.13	1.15	2.39	8.92	4.68	-5.3	-0.01	0.0	-0.19	0.15	0.354	-0.9541
1BP3_A_B	DA171A	1.2001	-1.99	-9.92	-19.01	-1.27	24.11	-24.25	2.18	0.78	2.44	9.42	4.48	-5.1	-0.01	0.0	-0.51	0.16	0.0677	-1.1324
1BRS_A_D	RA87A	3.7649	-5.04	-10.07	-15.81	-3.06	25.54	-17.74	1.47	0.22	5.11	8.52	4.43	-4.04	-0.72	0.0	-0.16	0.1	5.7555	1.9906
1BRS_A_D	DD39A	5.4424	-5.01	-7.52	-15.21	-2.18	23.19	-17.49	1.54	0.23	5.11	8.31	4.19	-3.77	-0.7	0.0	-0.37	0.1	6.789645	1.347245
1VFB_AB_C	WA92A	2.1818	-4.33	-11.88	-10.48	-1.33	17.95	-10.69	0.3	0.07	1.9	3.78	2.18	-1.52	-0.09	0.0	0.13	0.0	3.0376450000000004	0.8558450000000004
1VFB_AB_C	LC129A	-0.0899	-4.78	-12.47	-11.69	-1.35	19.01	-12.35	0.38	0.08	2.0	4.0	2.83	-1.88	-0.09	0.0	0.13	0.01	0.1715	0.2614
3S9D_A_B	LA153A	1.0873	-2.65	-7.39	-19.17	-4.72	22.55	-25.67	6.31	1.84	3.77	11.35	3.35	-2.35	-0.28	0.01	-1.52	0.08	1.4468333333333332	0.3595333333333332
1A4Y_A_B	KB40G	3.2402	-2.12	-17.36	-19.14	-7.34	27.89	-21.65	1.5	0.53	1.65	12.64	3.98	-5.23	-0.06	0.0	-2.62	0.1	3.2351	-0.0051
1A4Y_A_B	YA437A	3.3816	-2.71	-16.69	-18.84	-7.97	27.91	-21.19	1.42	0.48	1.65	11.87	4.05	-4.57	-0.06	0.0	-2.47	0.03	0.8358	-2.5458
3S9D_A_B	RA149A	2.2665	-2.68	-6.62	-18.63	-3.87	21.06	-25.73	6.31	1.83	3.55	11.14	3.66	-2.07	-0.27	0.01	-1.37	0.14	3.02072	0.7542199999999997
2PCC_A_B	AB81G	0.65115	-0.53	-4.92	-6.26	-2.49	9.31	-7.5	0.98	0.21	0.77	6.03	2.09	-1.87	-0.26	0.0	-1.35	0.0	1.9009	1.24975
2PCC_A_B	VA197A	1.11829	-0.53	-4.92	-6.05	-2.49	9.04	-7.25	0.98	0.23	0.8	5.92	2.43	-1.85	-0.26	0.0	-1.35	0.0	2.10163	0.98334
1PPF_E_I	LI18M	0.5391	-7.07	-1.54	-14.17	0.15	15.77	-19.66	0.88	0.79	3.81	3.94	4.32	-0.86	-0.03	0.0	0.09	0.06	1.22475	0.68565
1PPF_E_I	GI32D	6.7967	-7.11	-1.94	-15.37	-0.64	19.12	-21.38	7.73	1.09	3.83	3.83	5.26	-1.68	-0.02	0.0	-0.04	0.06	2.4623	-4.3344
1BRS_A_D	KA27A	2.7135	-5.05	-9.23	-15.26	-4.45	24.21	-16.95	1.52	0.24	4.84	7.32	4.13	-3.06	-0.64	0.0	-0.29	0.12	5.123466666666666	2.4099666666666666
3S9D_A_B	AA145G	0.6751	-2.57	-7.39	-19.3	-4.92	22.76	-25.91	6.31	1.86	3.54	11.35	3.36	-2.58	-0.28	0.01	-1.52	0.14	2.10435	1.42925
1KNE_A_P	TP6I	-0.48502	-8.51	-7.16	-11.18	-0.94	18.85	-13.59	1.54	0.34	1.91	6.96	7.43	-0.77	0.21	0.0	-0.48	0.0	0.27394	0.75896
3HFM_HL_Y	YL50A	1.91451	-2.86	-8.66	-14.51	-0.67	22.61	-14.75	2.65	1.41	6.4	6.24	5.46	-2.81	0.0	0.0	-0.49	-0.0	4.55736	2.64285
3HFM_HL_Y	RY21A	-0.19794	-2.29	-7.99	-13.43	-0.71	20.78	-14.46	3.07	0.94	6.13	4.55	4.6	-3.15	0.0	0.0	-0.41	0.0	0.9033	1.1012399999999998
1JTG_A_B	KB74A	2.8597	-4.77	-13.3	-21.75	-3.16	30.7	-26.75	2.17	0.29	2.23	9.72	3.16	-5.27	-0.02	0.0	-0.31	0.07	3.61627	0.75657
1BRS_A_D	YD29A	1.2641	-4.62	-10.19	-14.75	-5.4	25.39	-16.24	0.57	0.19	4.96	8.38	4.15	-5.14	-0.76	0.0	-0.52	0.1	3.4688	2.2047
1KNE_A_P	DA62K	0.18312	-8.5	-7.16	-10.77	-0.74	18.54	-12.8	1.47	0.35	1.86	6.46	7.2	-0.62	0.21	0.0	-0.27	0.0	-0.3766	-0.55972
